108 659
    1     2 1.4357719178198191656292693
    1     3 2.4368038493075312445057534
    1     4 3.6047320288753774697454446
    1     5 4.8548620989684145854425878
    2     3 1.5107428636270308075495450
    2     4 2.4039105640601516888921196
    2     5 3.8193134199748515200667498
    2     6 4.3511136505497063353686826
    3     4 1.2817511458937718149542206
    3     5 2.4370151825542647472389035
    3     6 2.9942655192884939374664555
    3     7 3.9805047418637737877133986
    4     5 1.4990453628893287696399739
    4     6 2.4412078977424265247009316
    4     7 3.5614710443860118083136967
    4     8 4.8022080338111123865019181
    5     6 1.5095128353213826954970500
    5     7 2.3455082604842809601564113
    5     8 3.7284939318711507461046040
    5     9 4.3777083045812901218596380
    6     7 1.3621585810763732204975440
    6     8 2.4160376652693136279026476
    6     9 3.1075265083342404892619015
    6    10 4.1011069237463191328174617
    7     8 1.4781386944397336691281453
    7     9 2.4918019584228603413578185
    7    10 3.6222454361900995323253483
    7    11 4.8553720763706680330074050
    8     9 1.5600849335853486099523479
    8    10 2.4024874609454265339536505
    8    11 3.8169906994908968655977333
    8    12 4.4839904103376504451716755
    9    10 1.3080867708221803891177615
    9    11 2.4268920453946858373228679
    9    12 3.0088358213767669724347797
    9    13 3.8112745899501918600549288
    9    14 4.8126105182115042069312949
   10    11 1.5042705873611972311465479
   10    12 2.4783668009396837561553184
   10    13 3.5385902560200444000315656
   10    14 4.7001492529493154037822933
   11    12 1.5264894365831689349022326
   11    13 2.4333998849346563098094975
   11    14 3.7629170865167891335545391
   11    15 4.4506389428934811647309289
   12    13 1.3024304204064032219889668
   12    14 2.3664126859024401383635450
   12    15 3.0344932031560061247432714
   12    16 3.9676080955658914461992026
   13    14 1.4238756968218824194849503
   13    15 2.4676280108638741772608682
   13    16 3.5229108702889435633665016
   13    17 4.8808184764442952285889987
   14    15 1.5718365054928580271109695
   14    16 2.3578522006266640076432850
   14    17 3.8228446214828042393207852
   14    18 4.4598616570472220388410278
   15    16 1.2802909825504518170902202
   15    17 2.4524430676368416115451510
   15    18 3.1688278590040197535415700
   15    19 3.8686904761172096200994019
   16    17 1.5224736450920914876405732
   16    18 2.4842232186339456845303175
   16    19 3.5038671493080331131864114
   16    20 4.8169385505733828267693752
   17    18 1.5170823972349034569617743
   17    19 2.4448826147690607690776687
   17    20 3.8460549918065392027699545
   17    21 4.4063641474576291656717331
   18    19 1.3273914268217952283634986
   18    20 2.4765411363431857338923692
   18    21 3.0739235514241403102175809
   18    22 3.7565118128391397078758018
   18    23 4.8650700919925089493744963
   19    20 1.4803540117147653276674646
   19    21 2.4725626382358849575382465
   19    22 3.4564347238158572572785943
   19    23 4.7339559567025970565623538
   20    21 1.5322238739818669905901061
   20    22 2.4372429095188685721495858
   20    23 3.8567969871384208957465489
   20    24 4.6107311784574909196976478
   20    25 4.4204901311958604281926455
   21    22 1.2834706852904733676012938
   21    23 2.4604595099289885418158974
   21    24 3.1886828001543210397983330
   21    25 3.2127864852803398321157147
   21    26 4.5949242648818495737828016
   22    23 1.4868214418685248290330492
   22    24 2.5132108944535476169335197
   22    25 2.8425685567809955145435197
   22    26 4.3384988187159843064932829
   22    27 4.9865101022659121809965654
   23    24 1.4954641419973933036402514
   23    25 2.4684177118145935736492902
   23    26 3.8220028780732224760186000
   23    27 4.5788016991348285955609754
   24    25 1.3163149319216882471295094
   24    26 2.4055895327341274558818895
   24    27 3.2808075225468495972336314
   24    28 4.5602050392498805209129387
   25    26 1.5000933304298116333086455
   25    27 2.3631019867961691183211315
   25    28 3.5471976262960036585525359
   25    29 4.8317136711522961078912886
   26    27 1.5160511205101230292058290
   26    28 2.4159310834541614099180151
   26    29 3.8372142238869071384499421
   26    30 4.4104898820879308019016207
   26    31 4.1782442484852406749951115
   26    34 4.6218647751746262386518538
   27    28 1.3522056056680140656567346
   27    29 2.5071597476028526507718652
   27    30 3.0917047077623700523929529
   27    31 3.1806864039071811589565186
   27    32 4.4121796200970786472339569
   27    33 4.6120565911532347413981370
   27    34 3.8272879431785638004726025
   27    35 4.7640535261476646411438196
   28    29 1.4921119260966992925432351
   28    30 2.4914337237823529491720365
   28    31 2.7488444845061708043942872
   28    32 4.1656482088625770288103922
   28    33 4.8046616946461480068819583
   28    34 4.3185299582149481167903105
   29    30 1.5203229919987399920700000
   29    31 2.3924426847889166403149375
   29    32 3.7427018315649998037031310
   29    33 4.6243896894617346760014698
   29    34 4.2885499880495734359442395
   30    31 1.2882165966948257995738913
   30    32 2.3637975801662891583987403
   30    33 3.2946001274813307979627552
   30    34 3.1780086532292508572083989
   30    35 4.5948590838022429494458265
   31    32 1.4388387678958334259249341
   31    33 2.4775427342429430233039511
   31    34 2.6685158796604517839057280
   31    35 4.1324941621253366008659214
   31    36 4.9685348947149403642242760
   32    33 1.5219924441336760700949071
   32    34 2.3839580533222477498611624
   32    35 3.7205506312910188171372283
   32    36 4.3617196150142447663711209
   33    34 1.3240094410539524627523633
   33    35 2.3323245914752077645459849
   33    36 3.0389526156226929209935861
   33    37 3.9729859048327869075478702
   34    35 1.4712882110585940864666554
   34    36 2.4570840441466392789493511
   34    37 3.6149495155534325796509165
   34    38 4.8933631584013870252647393
   35    36 1.5204772277150371273535256
   35    37 2.4500328569225353625427033
   35    38 3.8853002457982581674400535
   35    39 4.4690658979254269667080735
   36    37 1.3292516691732971789718931
   36    38 2.5066800753187457040382924
   36    39 3.0401916058038174206501481
   37    38 1.5122655190144356218695521
   37    39 2.4892370317026863979492646
   37    40 3.6571527176206366505084588
   37    41 4.8680343055488020098664492
   38    39 1.5312289182222236227914891
   38    40 2.4470098079084205977551392
   38    41 3.8524217058883891695586499
   38    42 4.4543058943004814054233975
   38    43 4.3064284505840806360765782
   38    46 4.8035445246192942647667223
   39    40 1.3025862735343110010433065
   39    41 2.4334956338567783618032081
   39    42 2.9931951155913649742501548
   39    43 3.0804269184643873202844588
   39    44 4.3831779566885025190003944
   39    45 4.5914731840663085549181233
   39    46 3.8728823891257011524658083
   39    47 4.6413802903877643402097419
   39    48 4.9195872794371675595925808
   39    49 4.3357248528936880305195700
   40    41 1.5129263035587690033878516
   40    42 2.5253376011931556455181180
   40    43 2.8261834689205858062166499
   40    44 4.3102962775196775879749111
   40    45 4.8674203640121334046853008
   40    46 4.4802603718980442693009536
   40    49 4.8622691204827397370991093
   41    42 1.5232977384608694659817729
   41    43 2.4273942819410283533443362
   41    44 3.8144328543048171553664361
   41    45 4.4223099167742647708223558
   41    46 4.3585131639126668545713983
   41    49 4.3232657794773610149263732
   42    43 1.2731044733249510247929948
   42    44 2.3881185062722489753639366
   42    45 3.0089601193767934184108981
   42    46 3.2347953567420622000838648
   42    47 4.3557770833687072808970697
   42    48 4.3804157336946918377407201
   42    49 3.6760907224931216319419036
   42    50 4.5720334644444600158408321
   42    51 4.8327758069250439376673967
   42    52 4.1412145561417128547532229
   43    44 1.5036133146524075510086504
   43    45 2.4448881365003192200902049
   43    46 2.7330250639172706250690226
   43    47 4.1023282413770845167277912
   43    48 4.5599597585943669741936901
   43    49 4.1853367845371769462303746
   43    52 4.7959208709068601450553615
   44    45 1.4791629389624378898560053
   44    46 2.4045762620470152448604040
   44    47 3.7734830064543807282007037
   44    48 4.4012286920813359358817252
   44    49 4.3585870416913765623689869
   44    52 4.4899559017879004940709819
   45    46 1.3285751766460196510166725
   45    47 2.4404813049888338660764475
   45    48 3.1357265505780320680173645
   45    49 3.4082872531522339087928231
   45    50 4.6193840498490716939272716
   45    51 4.6449468242381426463794014
   45    52 3.8301377259832323218802230
   45    53 4.5368699562583891804479208
   45    54 4.7781992423924730672979422
   45    55 4.0465528539733668367261998
   46    47 1.4603413984407893622119445
   46    48 2.4834437783046352521409972
   46    49 2.8862297205870501848323784
   46    50 4.3122872121416042645591915
   46    51 4.7560987163851020653737578
   46    52 4.2864851568622066579905550
   46    55 4.6608267506956329029321751
   47    48 1.5208892135852627447434315
   47    49 2.4743558757785821811125970
   47    50 3.8089788657854217746034919
   47    51 4.4032440313932177389233402
   47    52 4.2822954125095114008558994
   47    55 4.3307792601332151249948765
   48    49 1.2758608858335609426148949
   48    50 2.3556196636978561365083351
   48    51 3.0607486012412055131903799
   48    52 3.2816163700225540189592266
   48    53 4.5166128902087665508702230
   48    54 4.5438605832485663427178224
   48    55 3.8636781698272955054562772
   48    56 4.6674729779614150260158567
   48    57 4.9356837418943282358441138
   48    58 4.2343452858736023713959185
   49    50 1.4898473076124290059851774
   49    51 2.4867900997068494994834964
   49    52 2.8086389942461464919176706
   49    53 4.2500867049979111911284235
   49    54 4.6887787322500100728461803
   49    55 4.3439802025331575308086940
   49    58 4.8540149361121667226370846
   50    51 1.5270330710236763582798858
   50    52 2.4940597426685684467884130
   50    53 3.8888846730135879781187214
   50    54 4.4144169490432147995306877
   50    55 4.4249195472912283833011315
   50    58 4.4419851418031557344079374
   50    59 4.9797398526429068610354989
   51    52 1.3426242959219836237139134
   51    53 2.4852215193016502503553511
   51    54 3.0887996050245805079725869
   51    55 3.4404849948808098325514493
   51    56 4.5973033400027016881495001
   51    57 4.5316030276271996868331371
   51    58 3.8598650235468077163147882
   51    59 4.5496807580312710328485082
   51    60 4.7872683233760779941690089
   51    61 4.0227606192762701553533589
   51    62 4.8410994618991258775508868
   52    53 1.4920046916816303017583323
   52    54 2.4480136846022735319650110
   52    55 2.8512932153673711255237322
   52    56 4.2687447803774816179611662
   52    57 4.6259556850449836673533355
   52    58 4.3098090444937353638010791
   52    61 4.6709762362915094868753840
   53    54 1.5438254435006568687782647
   53    55 2.5092375335946175418655457
   53    56 3.8835664021618061525487065
   53    57 4.3585958748202386914272211
   53    58 4.4229546685445466636110723
   53    61 4.4212999219686501817250246
   53    62 4.8869833230736521301196262
   54    55 1.3374027067416904834828983
   54    56 2.4330041101486035159950916
   54    57 2.9543231035213461943556013
   54    58 3.3272735084450149045665057
   54    59 4.5009194616211471995370630
   54    60 4.5066534146747967426449577
   54    61 3.7951911677806160483328313
   54    62 4.4654517128729542818632581
   54    63 4.8867982360641821770741444
   54    64 4.1616865571544421342764508
   55    56 1.5178369477648119278967442
   55    57 2.4981258975480002959557169
   55    58 2.9432854091983680078215002
   55    59 4.3339794646490892304768749
   55    60 4.7605483927799756571630496
   55    61 4.3969496244555719144386785
   55    64 4.9021192355959675168719514
   56    57 1.5296228293275428988806652
   56    58 2.4990414162234277917207237
   56    59 3.8523002219453239547419798
   56    60 4.3908135920350792602562251
   56    61 4.4134581679222915084892520
   56    64 4.5577694105779409383671918
   57    58 1.3226783433624365038383530
   57    59 2.4368301130772329621265726
   57    60 2.9601401993824554281786732
   57    61 3.2694251788349579790349253
   57    62 4.4246050671218100092119130
   57    63 4.5142361480099815196354029
   57    64 3.7787720227608327938639832
   57    65 4.5986583913137097923140573
   57    66 4.9036168284236891778959944
   57    67 4.1695905074719270544392202
   58    59 1.4415023413092327153606220
   58    60 2.4031820571900084360095207
   58    61 2.8258062566283621563911765
   58    62 4.1993930513825441508402037
   58    63 4.6763723119529307936659279
   58    64 4.3058395232521133877412467
   58    67 4.7670681765630327220151230
   59    60 1.5302290678195851203469147
   59    61 2.5043370380202421010551461
   59    62 3.8617647520272382344330708
   59    63 4.3925474385599976301364222
   59    64 4.3845742096582185354236572
   59    67 4.4516120675548531693266341
   59    70 4.9496163487688615845172535
   60    61 1.3579031629685538451468574
   60    62 2.4781109741091102982579741
   60    63 2.9610812214459780733477601
   60    64 3.2417479852696762243624562
   60    65 4.4290623161116178252427744
   60    66 4.4385774748223107977196378
   60    67 3.6913102009990983454201796
   60    68 4.5134032613982100201610592
   60    69 4.6863836804085945431097571
   60    70 3.9199003813872614898627944
   60    71 4.9362855468459274632664346
   61    62 1.4264091278451633826307443
   61    63 2.3983646511737943818332042
   61    64 2.7906363073679081310274341
   61    65 4.2203850535229596729891455
   61    66 4.6581160354804378442850066
   61    67 4.2782162170699127301531917
   61    70 4.6514877189991592487672278
   62    63 1.5312236936515839502703784
   62    64 2.4561636753278475175932272
   62    65 3.8423665884451989604997380
   62    66 4.4319839801154516933934246
   62    67 4.4326408607059519795257074
   62    70 4.5314705118758089597008620
   63    64 1.3660402629498153981302266
   63    65 2.4591825877717985449066873
   63    66 3.0195685122215718543259300
   63    67 3.3133404594155426714507939
   63    68 4.5280763023606382944308280
   63    69 4.4914881720872870118910214
   63    70 3.7577627652633958099670508
   63    71 4.5948180595100822642962157
   63    72 4.8518229563742325538555633
   63    73 4.1165647085889460754515312
   63    74 4.9819540343122401537812038
   64    65 1.4886305787535070166427431
   64    66 2.4617217551949286402646067
   64    67 2.8412006264957776480173379
   64    68 4.2669835950001022695232678
   64    69 4.6830453766753104005715613
   64    70 4.2880584184453462981423399
   64    73 4.8363545155416387544278223
   65    66 1.5215114196088044273835749
   65    67 2.4922604197796021097133234
   65    68 3.8395432019968200876292030
   65    69 4.4075663352920733117912278
   65    70 4.3817058322073609843982922
   65    73 4.5470005498130294796510498
   66    67 1.3617154622019971288438001
   66    68 2.4345063154569954733119630
   66    69 3.0225793620680989626237078
   66    70 3.2937785292882097998301560
   66    71 4.5684637461623793797116377
   66    72 4.5601863996990301686196290
   66    73 3.7993319149555753178049144
   66    74 4.4614047115230421880482936
   66    75 4.9306717595070148618674466
   66    76 4.2968622272537437822848005
   67    68 1.4660743500927906346475993
   67    69 2.4183074659769796532771124
   67    70 2.7558555840246783397162744
   67    71 4.2559036643232426300187399
   67    72 4.6819936992695749822246398
   67    73 4.2770768054829222393209420
   67    76 4.9417828766549423136211772
   68    69 1.5506930708557389309021346
   68    70 2.4786266358610773430370955
   68    71 3.8946930559416363948344042
   68    72 4.4068865426738632606884494
   68    73 4.3428785384811305902985623
   68    76 4.5762596080205062420986906
   69    70 1.2997518994023435912055220
   69    71 2.4341559111938577686373719
   69    72 2.9788444068128159258890264
   69    73 3.2205808482321942598503028
   69    74 4.3679677196609407729965824
   69    75 4.5026003597921047116869886
   69    76 3.8806459513848978737371453
   69    77 4.5910528204323677314846464
   69    79 4.2587163558988052614040498
   70    71 1.5467669507718349031222260
   70    72 2.4909975913276194425804988
   70    73 2.8121639354774474739429024
   70    74 4.1814840666921124778809826
   70    75 4.7102234554211968031722790
   70    76 4.4227306045021563818409049
   70    79 4.9192834844111192893478801
   71    72 1.5516703902568997897049030
   71    73 2.4936940469913309037508498
   71    74 3.8413785286014188180558904
   71    75 4.4056065416693765968148000
   71    76 4.4728440616681464092607712
   71    79 4.5207780303837079571849245
   71    80 4.9722987641532565561419688
   71    82 4.9792473326799093769068350
   72    73 1.3252512969244742979668672
   72    74 2.4227472010096313681515312
   72    75 2.9668474851262578440014295
   72    76 3.3126902964207207702429514
   72    77 4.4139227451327238682665666
   72    78 4.4393068152584360674950403
   72    79 3.7880046198493482201286042
   72    80 4.4356891234621036446128528
   72    81 4.7097301408891789620270174
   72    82 4.0109306900020094133196835
   72    83 4.8901833298967423147018962
   73    74 1.4283483468678079830738170
   73    75 2.4329017653822355704562597
   73    76 2.8409755366774986917732804
   73    77 4.2051769285013440580200950
   73    78 4.6352904979084108560982713
   73    79 4.3369085763940198319232877
   73    82 4.7841490361400742514774720
   74    75 1.5271961236200144451657934
   74    76 2.4090788696097100718418460
   74    77 3.7930196413939114563618205
   74    78 4.3274330728504626364383512
   74    79 4.4305398090977581304628075
   74    82 4.6588566193863485409565328
   75    76 1.2920746882436784375158823
   75    77 2.4139838441878600505674513
   75    78 2.9159987997254042113581818
   75    79 3.3179021986791594756027735
   75    80 4.4655483425890709625605268
   75    81 4.5311563645497816565921312
   75    82 3.9393092034010228630336314
   75    83 4.6579232496897153836812322
   75    84 4.8821130671052674898646728
   75    85 4.0827838541857683907210230
   76    77 1.4589054116014514850263595
   76    78 2.4507631464505092999672797
   76    79 2.9030711324388875915758490
   76    80 4.2748016328246158934689447
   76    81 4.7430997248634776397580026
   76    82 4.4665608693938114726051936
   76    85 4.8120250414976020181256899
   77    78 1.5142169593555605544565879
   77    79 2.4308955140030192865197023
   77    80 3.8108101500861994992419568
   77    81 4.4211263270800120750436690
   77    82 4.5083953908236580332413723
   77    85 4.6337973628547892701590172
   78    79 1.3597845417565246339819396
   78    80 2.4830757137066923334600688
   78    81 3.0101380367019716643994798
   78    82 3.3347404696617704011885053
   78    83 4.4562598667492450132954218
   78    84 4.4791754821618674498040491
   78    85 3.7671051219736360060608149
   78    86 4.5426151058613806199559804
   78    87 4.9294955117131404875863154
   78    88 4.2501064692546233203529482
   79    80 1.4394502422800168339733773
   79    81 2.4362579912644712898384114
   79    82 2.8623944522025612791082949
   79    83 4.2206769599200546494444097
   79    84 4.6886547111085077332859328
   79    85 4.3231306943001390763470226
   79    88 4.8812950125965546277484464
   80    81 1.5223619806077657301557338
   80    82 2.4126705121089373484721818
   80    83 3.7576153342246199073883872
   80    84 4.3968090702235409494846863
   80    85 4.4128351430797865262434243
   80    88 4.6048969586734509462644382
   81    82 1.2598448317153987385808023
   81    83 2.3578725580488866242490076
   81    84 2.9966411196538031980196592
   81    85 3.3020560261752063269113933
   81    86 4.4947288016075006567007222
   81    87 4.5415469831325090410700795
   81    88 3.8024047654083328318108670
   81    89 4.5745142911570395582998572
   81    90 4.8802124953735361856388408
   81    91 4.1184709541284858502763200
   82    83 1.4228091931105868450657681
   82    84 2.4643881593612642078028330
   82    85 2.8492176119068197692740796
   82    86 4.2854192327005771190329142
   82    87 4.7032782184344572584677735
   82    88 4.3141426726523546264502329
   82    91 4.7490207411633829082120428
   83    84 1.5731843502908360310499347
   83    85 2.4795840376966449269957593
   83    86 3.8757136117107515715929367
   83    87 4.3660382499469694295157751
   83    88 4.3312479725824983844972849
   83    91 4.4759186766517560229772243
   84    85 1.3107036278274348806149874
   84    86 2.4111003711998386656034654
   84    87 2.9213673168569540550265629
   84    88 3.2183881058691476972910550
   84    89 4.4230054261779967461620799
   84    90 4.5326676472029152620280001
   84    91 3.8522062509683987485686885
   84    92 4.7109867331589896366494941
   84    93 4.9993389563021235488804450
   84    94 4.2122039361835286186419580
   85    86 1.5252203119549652132747042
   85    87 2.5202450277701173853017735
   85    88 2.9274053357879910031158488
   85    89 4.3217520752583666876489588
   85    90 4.8312768498607079337148207
   85    91 4.4766470711906700685744909
   86    87 1.5283317702645586866339045
   86    88 2.5110493822304653654953199
   86    89 3.8518476086158970339567986
   86    90 4.4877095494249630291960784
   86    91 4.5218310450524361598922951
   86    94 4.8066540337328218512880085
   86   100 4.6570268412367994415035355
   86   101 4.9750117587800737339875923
   86   102 4.3423414190963836034597989
   87    88 1.3792827846384507761712257
   87    89 2.4703849902393759663254968
   87    90 3.0693548181987697631711853
   87    91 3.3778706310336992224563346
   87    92 4.6187750540592471537593156
   87    93 4.7025806744807692183485415
   87    94 3.9621737720599794485565326
   87    95 4.6323365594481575868712753
   87    96 4.5940022855893314357444979
   87    97 4.1511273167658933047619030
   87    98 4.8115755215937330291353646
   87    99 4.9079002638603004271544705
   87   100 3.9803342824441272362889777
   87   101 4.7193213495162629200763149
   87   102 4.3156259105719536606216025
   87   103 4.7596474659369478743542459
   88    89 1.4256005751962930183651679
   88    90 2.3811169647877448163342251
   88    91 2.7542623331846960432756077
   88    92 4.2091783046100585963245067
   88    93 4.7064498297549084426805166
   88    94 4.3237416666586376834402472
   88    97 4.7321818435051712370409405
   89    90 1.4803138180804766843579046
   89    91 2.4234698265090899305107541
   89    92 3.8135648676795832479058390
   89    93 4.4168238588379313824816563
   89    94 4.3892492524348627469521489
   89    97 4.4464806307910533789140572
   89    98 4.9242909134209362775891350
   90    91 1.3479291524408845148741420
   90    92 2.4590746226985471523107663
   90    93 3.0460305316920255336299306
   90    94 3.2949546279121975089765328
   90    95 4.4600974204606789186300375
   90    96 4.5072148828295288680578778
   90    97 3.6971671587852235063564876
   90    98 4.4497159459902606570835815
   91    92 1.5006468605238207913998849
   91    93 2.4671301141204526885530868
   91    94 2.7857988082415432451455217
   91    95 4.1807798315625275265006167
   91    96 4.6939751810166185919115378
   91    97 4.2106251317351910401498571
   92    93 1.4897147377937829393346192
   92    94 2.4099182558750826821380997
   92    95 3.7894866406942244729805225
   92    96 4.5539615720820476596486515
   92    97 4.2849318547673540535924985
   93    94 1.3305592809040869273218277
   93    95 2.4517346920089053696756309
   93    96 3.2748160253669214014848876
   93    97 3.2571046958917362346141999
   93    98 4.6112616494837928016181650
   94    95 1.4556520875538898618373196
   94    96 2.5106795892745843445936771
   94    97 2.7907882399064241063513236
   94    98 4.2680691184656307513023421
   94   100 4.8117402257395402997985911
   95    96 1.5683172510688001555223536
   95    97 2.4784793725185605417493662
   95    98 3.9074873000433401060149663
   95    99 4.4905272518937007220074520
   95   100 4.3238847116915595236719128
   96    97 1.2732364273770999663071279
   96    98 2.4663239852055118817020229
   96    99 3.0009631787144606107631262
   96   100 3.0906290621813545804741352
   96   101 4.3102404805300595924677509
   97    98 1.4927025825662654234804450
   97    99 2.4799973790308733612164360
   97   100 2.7373554756370244156471472
   97   101 4.1964601749569840904996454
   98    99 1.5268850644367439883808402
   98   100 2.3761014288114887804681530
   98   101 3.8037587988725043430804362
   98   102 4.7527129094865383507340084
   98   103 4.9469719020831321998343810
   99   100 1.2920897801623536516046897
   99   101 2.4224832300761129921795600
   99   102 3.5506717674265524387067217
   99   103 3.8344967075223834740427264
  100   101 1.5184192438190446949874968
  100   102 2.4854066065736608592828816
  100   103 3.0700744290651975632044923
  100   104 4.3350074971100100995613502
  101   102 1.5251481895212677386552969
  101   103 2.4389444438117071634053445
  101   104 3.7915932007534771663870288
  101   105 4.5336561404676469777541570
  101   106 4.3232663577438756874471437
  102   103 1.3780228590266556665255848
  102   104 2.4643226249823699802732335
  102   105 3.1782009061731759658187002
  102   106 3.1322064108228881984530290
  102   107 4.4050730981449106593572651
  102   108 4.5686875577128276404437202
  103   104 1.4180863866492758873505409
  103   105 2.4302341450979572101687154
  103   106 2.7694046291576821516855489
  103   107 4.2646892032128205229923879
  103   108 4.7017244708723628932034444
  104   105 1.5297454036538238320019900
  104   106 2.4542573214722214203220574
  104   107 3.8287968083981693823147907
  104   108 4.1751610747371179499509708
  105   106 1.2393522501694187454290841
  105   107 2.4167589867423693306136556
  105   108 3.0125409540784682249636717
  106   107 1.5414856470301632196395758
  106   108 2.4755817498115471053665715
  107   108 1.5265578927770806494379485
