13 62
    5     9 2.4809443500
    2     5 3.1200058975
   11    13 2.4913895358
    1     3 2.4913895358
    8     9 1.5260000000
    8    12 3.5612360429
    6     7 1.5260000000
    5    11 4.0881990036
    4     6 2.4913895358
   11    12 1.5260000000
    4    11 2.8680077107
    5     8 2.5615237380
    5    10 3.7994778728
    1     2 1.5260000000
    4     8 2.0112284038
    2     9 4.3834880449
    1     4 3.7369555042
    2    11 4.7107021748
    6     8 2.4913895358
    9    12 3.5917393582
    7     8 1.5260000000
   12    13 1.5260000000
    3    12 4.7279888495
    3     8 3.1817731843
    3    11 3.7689701011
    1     6 4.0400998539
    4     5 1.5260000000
    2     6 3.1426113579
    4    10 3.0755844250
    3     5 2.4913895358
    2     4 2.4913895358
    8    13 4.3446024603
    8    11 2.8679889102
    1     8 4.8248011954
    2     7 3.4530416820
    4     7 2.7395610542
    9    13 4.0823021071
    3     7 3.7006308279
    1     5 4.0455072276
   10    11 1.5260000000
    4     9 2.2065134746
    6     9 2.9859405684
   10    12 2.4913895358
    7    10 3.8103264867
    8    10 2.4913895358
    2     8 3.3607004349
    7    11 4.3669413417
    7     9 2.4913895358
    5     6 1.5260000000
    1     7 4.6831732015
    3    10 4.4021901341
    2     3 1.5260000000
    9    10 1.5260000000
    5     7 2.4913895358
    6    11 4.9097361516
   10    13 2.7137577753
    9    11 2.4913895358
    3     9 3.7092579082
    3     4 1.5260000000
    4    12 4.0493545084
    6    10 4.4609285565
    3     6 3.2464827247