200 1394
    9    15 3.1537610216
  119   135 4.9683418396
   31    50 3.9852160067
  113   128 3.9983372488
    8    17 2.0117677784
  152   154 2.4913895358
  121   124 2.7581636728
  155   157 2.4913895358
  129   133 4.9074646425
  196   198 2.4913895358
   49    55 4.2389735868
  189   191 2.4913895358
   71    72 1.5260000000
    3    10 5.9501502517
   11    22 4.9651840328
   89    91 2.4913895358
    1     5 4.2246585165
   32    37 4.6316359729
   26    32 4.4788695964
  101   107 3.8152824255
   50    54 3.9371252341
  105   107 2.4913895358
   27    53 3.0725891771
    3    14 7.1079024003
  121   130 2.8625293158
  131   138 4.0884535911
   12    22 3.7416635073
  188   189 1.5260000000
    4    13 5.2233102805
   38    43 4.9198053430
  198   200 2.4913895358
   87    91 4.3979404396
    4    10 4.6239609035
  120   124 3.8883583400
  133   135 2.4913895358
   33    37 4.3834768931
   15    16 1.5260000000
  142   144 2.4913895358
   55    58 3.7562795344
  104   110 2.2748515459
   88   134 0.9130279877
  153   154 1.5260000000
  117   135 4.3447687728
    3    15 7.5961662461
   12    19 3.4161942344
   44    57 4.2553748497
  175   176 1.5260000000
  117   121 4.6952764370
   29    33 3.6068343657
   15    22 4.6236019270
    2     6 4.4533697206
  117   130 4.8305119080
  113   127 3.3952387719
   97   102 4.9552674730
  189   190 1.5260000000
  123   124 1.5260000000
  103   109 1.5332525044
  119   123 3.7320549845
   60    64 3.5256366330
   40    45 4.9574768916
    7    20 4.2257557580
   71   200 16.4333996312
  121   123 2.4913895358
    7    14 4.2245829966
   24    25 1.5260000000
    2    18 5.5399457568
   81    87 4.8963448126
   26    27 1.5260000000
  125   126 1.5260000000
   86    94 4.5218268593
    8    14 4.2401326486
  111   116 4.8954041372
  122   123 1.5260000000
   76    82 4.7239286180
   27    32 3.8948259326
   88   137 3.0816893763
   89    90 1.5260000000
   35    37 2.4913895358
  161   164 2.5416505126
  149   151 2.4913895358
   44    58 4.1920718546
   82    89 4.5679951650
   72    76 4.8650948202
    2    20 6.4678257895
   89   142 3.7365861462
   19    23 4.9693295503
  105   109 2.7235774991
   29    49 3.1875257684
   31    34 2.5418216108
   85   132 4.1888388935
   41    43 2.4913895358
  173   175 2.4913895358
   93   132 4.4459845433
  100   110 2.9838175629
   12    14 2.4913895358
   78    79 1.5260000000
  113   130 4.8215599465
   68    71 3.3530705191
   73    76 3.6644915834
    9    16 2.1509610965
   47    48 1.5260000000
   11    17 1.7443592977
    8    16 3.2151737434
    4    20 4.5508982105
  116   140 4.7867206907
  151   153 2.4913895358
   15    57 3.4380633879
  119   128 3.5213491048
   59    62 3.6550784904
  117   136 3.0216982835
  126   129 3.4828533256
   35    38 3.2256946344
   31    32 1.5260000000
    9    20 5.1983648129
   37    43 4.3477035260
    9    10 1.5260000000
  124   125 1.5260000000
   25    49 2.7527410934
   90   134 1.8681184685
   93    97 3.5436759793
   66    70 4.3614624648
   44    56 4.9618322196
    6    18 1.8543243375
   64    67 3.7678337637
  136   138 2.4913895358
   69    70 1.5260000000
   66    68 2.4913895358
  130   135 4.9694511636
   14    58 4.7734037280
   94   135 4.2870325937
  140   141 1.5260000000
   33    36 3.4249591335
   98   110 4.7672045162
  167   169 2.4913895358
  102   105 3.2641696897
   60    63 2.8207727721
  115   137 4.8893152040
   84    86 2.4913895358
  106   111 1.4428662296
  119   124 4.7208153673
   53    56 3.8366596761
  161   162 1.5260000000
    2    11 5.2015180725
   24    49 4.1372975521
    3     8 5.0291142808
   32    36 4.0471026780
   77    80 2.5445408077
  106   116 4.9108166922
  118   120 2.4913895358
  160   162 2.4913895358
    6     7 1.5260000000
  192   195 3.7432773944
   32    35 2.8142416863
   27    52 3.7872949584
   14    17 2.6478961811
    5    14 4.6745726876
   13    17 3.2452054834
  158   159 1.5260000000
   45    59 4.5022345797
  113   119 4.1003763410
  127   131 4.2893683453
  104   108 1.9293435832
  105   113 3.0349209232
   15    20 3.8237962436
   18    19 1.5260000000
   14    57 4.1453828024
   28    52 4.8590884190
   56    59 2.6805548193
  182   184 2.4913895358
   92   133 4.5663256968
   76    80 3.0544747436
   88   130 4.6629309317
   97   101 3.7566094559
    1    19 7.2830593150
    2     9 7.1440063442
  155   158 3.5536105229
  154   157 3.8226347795
    3     5 2.4913895358
  195   196 1.5260000000
  191   192 1.5260000000
  110   114 4.0396182730
  117   131 3.8002316059
    2    19 6.6407689052
   68    72 4.4302438679
    3    19 5.8803424664
   37    38 1.5260000000
   37    41 3.9302180642
   54    57 2.6324872728
  115   120 4.7308741229
    4     9 5.0145402267
   91   136 3.3435786961
  179   181 2.4913895358
   29    34 3.6110359012
   93    94 1.5260000000
    1    18 6.4143093060
  108   111 2.5768311870
   32    34 2.4913895358
   91    96 4.3731200093
   35    40 3.6237582651
    3    17 5.5451732236
   14    18 3.3748990828
  166   168 2.4913895358
   10    20 4.1031646057
   90   112 4.3916075534
   29    47 3.3363041741
  113   118 3.8291726352
  103   105 2.4913895358
  127   129 2.4913895358
  144   146 2.4913895358
  101   106 4.2485742613
   91    97 4.5158931160
   52    53 1.5260000000
  122   124 2.4913895358
   72    75 3.8388532020
   59    65 4.9030795882
   27    28 1.5260000000
   58    61 2.6351584542
   54    59 4.1046205897
  106   109 3.1699998132
  180   181 1.5260000000
  150   153 2.5623356225
  142   143 1.5260000000
   13    18 3.3005103928
  110   113 3.8102249454
   84    88 3.3040079303
   72    73 1.5260000000
  103   108 2.6590956093
  171   173 2.4913895358
   89   140 4.0646297411
   40    41 1.5260000000
   89   131 4.0447938489
  129   132 3.8188837313
   11    21 4.1935177341
   87    92 4.5790165305
  112   136 4.8866918068
  105   112 2.2129664018
  183   186 3.3084547661
   62    66 3.9514887101
   92   131 4.8598752487
   99   104 4.8678159156
   58    62 4.0286568465
   83    92 4.1248333115
  124   127 3.2448312623
   90   138 4.3962634933
   83    89 3.8064472308
    8    18 2.8816299349
   54    56 2.4913895358
   31    41 3.9981311310
  120   132 4.0028260327
   94    97 2.5924962049
  108   112 4.1019712560
   89   136 3.0270445495
    8    19 4.1008763439
   43    64 4.9601612437
   82    83 1.5260000000
  130   133 3.6492855066
   27    46 3.8936883772
   12    16 3.6734261717
    1    14 8.6611270306
   72    77 4.9331089804
  180   182 2.4913895358
  118   119 1.5260000000
   45    61 4.5173467522
   92   135 3.2070269817
   32    50 4.5097363683
  147   148 1.5260000000
   52    56 4.4865667248
   53    57 4.0960385222
   44    63 4.2482425017
    6    15 3.9608053137
  126   130 4.8495361234
   42    49 4.9755631453
  197   200 2.7351980003
    1     2 1.5260000000
   53    54 1.5260000000
   16    21 3.9449677583
  141   142 1.5260000000
   30    52 4.6882552751
  140   142 2.4913895358
  179   182 2.6512096836
   19    21 2.4913895358
   15    19 3.0668750473
  131   133 2.4913895358
  101   113 4.9145970050
  144   147 3.7608250376
  138   139 1.5260000000
   30    53 4.3181350009
  160   161 1.5260000000
  124   129 4.0545202005
   86    92 4.3647413193
  123   127 3.5399430568
    5    10 3.7271016273
  132   142 4.6910397326
   40    43 3.6590304312
  183   184 1.5260000000
  146   148 2.4913895358
   30    46 3.4959820402
   14    20 4.4007648526
  195   197 2.4913895358
  113   129 4.3842245678
   87   133 2.4841832085
   63    66 2.6009159093
   37    40 3.1710550151
   35    43 4.5504134520
   49    52 2.6260276851
   31    36 3.7591836037
  105   106 1.5260000000
   62    63 1.5260000000
   51    54 3.6000027806
  199   200 1.5260000000
   31    47 2.0426462875
  122   131 4.6014232923
  143   145 2.4913895358
   82    84 2.4913895358
   42    48 4.2100474691
  126   128 2.4913895358
  104   105 1.5260000000
   46    59 4.8563553074
   60    62 2.4913895358
  150   152 2.4913895358
   13    16 3.4500246352
   90   139 4.6352334556
   47    49 2.4913895358
   61    63 2.4913895358
  185   188 2.6230772936
  119   133 4.3617188070
   35    36 1.5260000000
   45    48 3.6801974156
   92    98 4.9801168495
   14    22 4.7604463328
   31    37 4.2693124138
  127   128 1.5260000000
  134   139 4.3372345562
  132   136 3.3731281226
    3    20 6.0065230852
    9    19 3.9131565919
   82   133 4.6815489331
   91   131 3.4695931251
   93    95 2.4913895358
  162   165 2.5815667654
   73    74 1.5260000000
  178   181 2.7183925732
   91    92 1.5260000000
    3     9 6.1809981963
   43    61 4.1855324491
   21    25 3.3362335811
   88    92 4.0142498842
   55    59 3.8740890815
  120   123 3.3637433247
  104   106 2.4913895358
   30    47 2.2027947010
  117   141 3.9857329054
  118   139 4.6641213668
    3    13 6.5164237710
   88   138 4.4348868000
   47    53 3.3650450251
   68    69 1.5260000000
  114   117 3.1581366972
  185   187 2.4913895358
  133   134 1.5260000000
   36    40 3.9282666161
  117   132 4.8580346004
   45    47 2.4913895358
  102   107 3.2679321325
  118   128 4.4370739281
  169   171 2.4913895358
   34    35 1.5260000000
  116   119 3.7840708544
  172   174 2.4913895358
  196   199 2.9750297664
    6    21 4.4780351563
   16    18 2.4913895358
   59    60 1.5260000000
   28    53 4.4319398390
   91    93 2.4913895358
   28    46 4.8922827084
  100   104 4.7156988674
  132   137 3.0243131772
   15    56 4.4541842466
    5    18 2.9772107633
   30    35 3.6514953954
   13    15 2.4913895358
   80    82 2.4913895358
   17    19 2.4913895358
   25    52 4.4009687797
  166   167 1.5260000000
   42    43 1.5260000000
   44    47 3.2899032474
  111   114 2.7333392670
  143   144 1.5260000000
  161   163 2.4913895358
  134   142 3.6728202035
  133   138 3.6019884096
   67    69 2.4913895358
   32    53 4.9977243903
  195   198 3.6704243737
  114   127 4.0317098819
   93   142 4.3292016473
  175   177 2.4913895358
  118   137 3.8540361890
   14    56 4.7622474905
   44    59 4.0814270173
   32    44 4.6290910121
  181   183 2.4913895358
   58    60 2.4913895358
    9    11 2.4913895358
   79    82 3.3178244178
  117   118 1.5260000000
  152   153 1.5260000000
   70    71 1.5260000000
   28    32 4.0646776363
   28    48 2.5722036148
  118   131 3.6643750622
  102   112 4.0114609708
  165   167 2.4913895358
   84    90 3.6891159325
  131   135 3.5073338605
  109   111 2.4913895358
  124   128 3.9828204657
   88   135 2.3436865929
  106   107 1.5260000000
  118   121 3.3838540159
   31    43 3.8411608147
  112   114 2.4913895358
   63    67 4.0900826489
   43    48 4.7143862214
   89   132 2.8513207934
  110   112 2.4913895358
    5    16 5.0051021417
  114   120 4.1155927253
   84   132 3.8296238152
   84   133 4.1954654260
   70    73 3.7780014396
   83   133 4.4876424340
  194   195 1.5260000000
  115   117 2.4913895358
   35    41 4.3114529786
   95    99 4.7534600073
    7    10 2.5746576816
   45    54 2.8786688404
  107   108 1.5260000000
   42    45 2.6305755877
  197   198 1.5260000000
  117   142 3.4530558185
   59    64 4.8018998868
  107   109 2.4913895358
  131   132 1.5260000000
   89    93 2.1900108091
  106   113 2.6167670404
  171   172 1.5260000000
   23    24 1.5260000000
   82    92 4.5454148989
  148   150 2.4913895358
   82   134 4.9714457457
   70    72 2.4913895358
  114   116 2.4913895358
   29    48 2.3548496249
   50    53 2.6195861379
   82    85 3.7741041039
   88   136 3.2786137208
   33    47 3.4466325358
  115   142 3.2788657780
   92   142 4.4164538802
  108   110 2.4913895358
   92   132 3.9930864920
    5    19 4.3461613140
   32    48 2.2399291786
   81    83 2.4913895358
   87   134 2.3609654576
   80    84 4.8785099594
   86    89 2.6181895925
   57    61 3.8590670719
  177   180 3.6218668002
  172   173 1.5260000000
   12    23 4.5258174345
   31    49 3.7544821074
  114   128 4.9484153756
  120   130 2.2548833072
   33    48 3.5474301593
  172   175 2.5540171272
   20    25 4.5084833067
   98   102 4.5538220514
   42    44 2.4913895358
    1     7 6.0712642051
   91   130 4.5211908920
   32    42 3.5564660193
   27    30 2.7973670774
   31    33 2.4913895358
  119   122 2.6709769684
   51    52 1.5260000000
   85    88 2.8323851415
  114   119 4.3077098480
   96    97 1.5260000000
   17    21 4.1391144868
   25    48 3.2897181790
   57    60 3.7521022567
  169   170 1.5260000000
   25    30 4.9437978117
  121   125 3.2516863184
   37    42 3.9120238984
  196   197 1.5260000000
   57    58 1.5260000000
   97   110 4.6777330102
   11    15 3.2325248049
   94    96 2.4913895358
  120   137 4.5191336044
   84    85 1.5260000000
  134   137 2.5880112136
   12    21 3.3182666497
  160   163 3.4580817172
  164   165 1.5260000000
    4    17 4.1716909849
   91   134 3.1254199197
  116   120 4.4801652815
  133   139 4.5217677483
    2    10 6.6715488041
   32    43 3.9594367524
  185   186 1.5260000000
  112   116 4.4284767045
  145   147 2.4913895358
   34    38 4.6689960107
  117   139 3.5098874201
   14    19 3.8441949315
  177   179 2.4913895358
   45    51 3.6543453179
  134   135 1.5260000000
   89   138 4.9175948979
   45    60 4.8219564665
    5    13 4.0951341298
   86    87 1.5260000000
   71    73 2.4913895358
   87   131 4.5744237576
   41    42 1.5260000000
   96   101 4.7758041592
   11    19 3.3059977441
  119   127 3.7015958942
   29    51 4.5652662116
   88    91 3.4472897207
   84    92 2.6684372334
   85    87 2.4913895358
  112   142 4.1822735822
    5    20 4.5777588617
  113   116 3.4961133506
   74    77 2.6869822580
  101   112 3.5256771991
  128   131 3.4030835751
   88    93 3.6359648979
  192   193 1.5260000000
   77    82 4.8103336184
   41    46 4.6302804441
   46    50 3.5116798260
   89   134 1.1660000469
   87    89 2.4913895358
    1    20 6.8973000772
   45    50 4.0463886464
   13    20 3.7965200311
  124   126 2.4913895358
  118   142 4.8503908870
   30    43 4.7264447211
   84    87 2.8839126141
  183   185 2.4913895358
   35    48 4.6321793352
   36    39 3.6703463893
   92    97 3.5076281336
   64    65 1.5260000000
   80    83 3.7748280624
  157   159 2.4913895358
  117   129 4.5449663566
  120   127 2.2713971350
   30    50 2.6220528997
  137   139 2.4913895358
   83   134 4.3588941553
  109   113 4.9792954568
   71    74 3.1672681522
  136   140 2.0580165051
  104   111 2.3075228504
    9    13 4.0953809505
  137   138 1.5260000000
   28    49 2.6758900038
   90   115 4.9018417637
   94    98 3.9827746964
  115   118 3.4429554267
  167   170 3.8344107349
   95    98 3.6810316053
   92   136 4.5208683494
   26    49 2.5464530714
   24    53 4.2795829826
  116   137 4.4305357295
   26    46 4.7108945586
  102   106 3.8768644933
    2    15 8.1859642870
   41    47 4.2872805682
   12    13 1.5260000000
   26    54 4.8112411721
  112   135 4.8678448138
  114   142 4.4000957266
   25    26 1.5260000000
   90   135 0.7883314660
  133   136 2.8684993941
   92    95 2.7079531403
  118   136 4.1672413027
   58    59 1.5260000000
   71    75 4.4597552185
  116   118 2.4913895358
   80    81 1.5260000000
    2    13 6.6783490608
   67    71 4.6807957996
   25    55 4.5521857362
   26    51 4.7410084323
    5    17 3.5820902439
  170   172 2.4913895358
   36    38 2.4913895358
    1     9 8.3670746321
   87   135 3.7555150392
  137   142 3.2188295195
   26    53 3.7322437475
   42    62 4.8752113858
  138   141 3.5179525654
   33    43 4.9942130803
   88    89 1.5260000000
  103   107 3.5414860703
   96    98 2.4913895358
   13    57 4.9352052520
  167   168 1.5260000000
   81    84 3.5452804576
   11    20 3.9595144336
   26    28 2.4913895358
  147   150 2.6049480084
   59    63 4.2758325432
   43    62 3.5034736634
    6    10 2.2279163389
   99   102 3.1277223045
  133   141 4.9528910726
    5    12 2.5913002181
  103   104 1.5260000000
   83    84 1.5260000000
   52    54 2.4913895358
  109   114 4.9759227170
  115   135 4.9047891604
    4    19 4.3676797724
   84    89 2.8174981441
  182   185 3.7376363655
   21    26 4.4137774891
   30    40 4.7926358690
   30    49 2.7387442304
  142   145 2.6318248342
  139   141 2.4913895358
   29    31 2.4913895358
   16    58 4.9298233493
   18    20 2.4913895358
    2    16 7.8417237808
  116   138 4.2408431096
    5    11 2.2544657534
  107   110 2.5791634565
   61    66 4.3027344909
  176   178 2.4913895358
   45    53 3.3702257161
  157   158 1.5260000000
   61    64 3.5839658872
    2    17 6.4304834250
  176   179 2.5423771744
  136   139 2.6343816999
   95    96 1.5260000000
    6     9 2.8651002924
   13    22 3.5957768901
   41    44 3.3963219208
  174   176 2.4913895358
   48    54 3.7688283882
  134   140 3.4357643201
  108   113 4.8526698255
  101   103 2.4913895358
    4    15 6.1470639140
   82    87 3.5321865632
  140   143 3.0712763900
  100   112 4.8514897509
  193   195 2.4913895358
   99   109 4.0055407855
   31    44 4.5909898960
    1     4 3.4196497256
   87   137 4.5186358127
  121   129 1.4153120830
   36    42 4.4688547802
   88    90 2.4913895358
  171   174 2.5446220391
  141   144 3.1864951746
   91   137 4.2129277074
  191   194 2.8788111989
  119   139 4.9816528325
   98   100 2.4913895358
   91   112 3.5620258278
  137   140 2.5665730237
  180   183 2.9354609708
  135   142 2.2550733272
   69    73 4.6461964532
  130   131 1.5260000000
  101   110 1.4972557013
   90   140 3.6708213643
  134   141 4.1257531374
   36    37 1.5260000000
    1    15 9.1867479157
   40    42 2.4913895358
  168   169 1.5260000000
  170   173 3.8334278247
    9    14 3.0914822931
   46    57 3.7166386931
   30    41 4.7185116271
   25    54 3.9612159673
    6    13 3.2182878360
   14    15 1.5260000000
  132   138 4.4784801259
  128   132 4.5125800375
    3    11 4.6186961350
   22    23 1.5260000000
   79    80 1.5260000000
   30    51 3.7317123138
  149   152 3.4640324833
  120   122 2.4913895358
   42    46 3.2458236065
  191   193 2.4913895358
    5     8 3.6255538619
   92    94 2.4913895358
  125   128 3.6665055477
   33    35 2.4913895358
   90    94 3.9107112412
  165   166 1.5260000000
  184   186 2.4913895358
   89    94 3.6283804260
    3     7 3.8730123046
   84   134 3.6825767399
   77    78 1.5260000000
    7    19 3.2048991066
   69    72 3.1989958500
   25    27 2.4913895358
    4     6 2.4913895358
  129   137 4.9862035848
   74    78 4.1992551431
  113   126 4.7375983253
    1    21 7.7459239342
    1    11 6.4122382109
   32    45 4.2515150443
  110   115 4.3247343200
   46    54 2.2135928257
   48    52 3.9613400624
  126   127 1.5260000000
  166   169 3.3593188023
   89    92 2.7744418260
   91   142 3.4995452945
   84    91 3.3392941552
   86   134 2.9975788191
  151   152 1.5260000000
   93   136 4.4483162849
   82   132 3.9213761892
  133   137 2.2187824868
   32    41 4.9190102553
   99   110 3.6007317750
  104   112 3.5107726039
  129   130 1.5260000000
   92   112 4.3668776580
   48    49 1.5260000000
  159   160 1.5260000000
    9    18 2.9543904228
  106   114 2.5041923809
  107   112 3.3109502891
   34    48 4.3302343872
   87   136 4.8019921991
  135   136 1.5260000000
   52    55 3.1070640281
   16    19 2.5545247253
  113   115 2.4913895358
   28    51 4.0690237852
   28    47 3.9341759489
   96    99 3.3413335540
   31    46 3.5204710333
   86    93 3.5152100857
    3    21 6.9702326721
    9    12 3.8392745001
   91   141 4.8406655693
  120   121 1.5260000000
   32    33 1.5260000000
  123   128 4.2324939309
   26    31 4.9613843772
    3    18 4.7205180458
   26    30 4.0700932797
   56    57 1.5260000000
   24    26 2.4913895358
  145   146 1.5260000000
   32    49 3.7420937778
  105   108 2.6631885005
  109   110 1.5260000000
  118   122 3.1140055222
   25    47 4.4419813673
   78    81 3.3966636026
  120   128 2.0268075898
  102   109 0.9331266206
  136   142 1.7288897507
  141   143 2.4913895358
    7    13 4.3873382308
  117   137 3.1144074807
  144   145 1.5260000000
   47    54 3.5387087784
  114   115 1.5260000000
  178   179 1.5260000000
   47    50 3.2396885223
  110   111 1.5260000000
   65    68 3.2897224509
   83    91 4.5574962496
    5     9 4.3041235841
   75    80 4.3398915043
   85    92 3.0004506342
  113   114 1.5260000000
  120   125 3.9354109866
   25    28 3.8395976049
  100   108 4.8421890678
  156   157 1.5260000000
   63    65 2.4913895358
  122   129 2.7918650369
  164   166 2.4913895358
  101   104 3.4971578837
  113   120 3.5854161409
   45    52 3.6007326867
   90    95 4.8416901374
   53    55 2.4913895358
   13    23 3.9095408060
   39    42 3.4451520069
   46    49 2.6512855006
   10    11 1.5260000000
  120   126 3.4780342011
   26    29 3.4673184250
   30    33 3.5762355488
   29    46 4.6408910084
   26    48 2.7855885810
   99   111 4.9752566131
   31    38 4.8546688457
  149   150 1.5260000000
   30    48 1.8552155332
  151   154 3.5391950054
   54    58 3.8685818669
  106   115 3.6663778780
   91    94 3.7414947785
   18    21 3.2953812978
  122   130 4.0528365060
   41    45 3.6920248765
    2    21 7.2250749274
  197   199 2.4913895358
   28    33 4.8085269082
   23    26 3.7895717072
    3    12 4.9930449726
   44    46 2.4913895358
   86    91 4.6654572920
   85    93 2.1268278041
   19    20 1.5260000000
   44    54 3.8714258267
    1     8 7.3734482986
   11    14 2.5418302971
   76    77 1.5260000000
   88   142 4.5427539594
  106   127 4.7223850711
  164   167 3.6749199685
  158   160 2.4913895358
   48    51 3.6101111714
   78    82 4.5761499370
    4    11 3.3579647730
  159   162 3.5929335241
  105   110 2.2403932370
  106   110 2.7847631388
  121   127 2.4226446645
   74    81 4.9471553699
   44    64 4.3444855833
   60    66 3.6534900154
   83    88 3.6968500009
    7    17 1.8958942884
   92    96 3.0661946498
   27    33 4.9163385397
   44    61 3.3345986707
  113   121 4.8611121976
  133   142 4.4216358495
   47    51 3.8647450975
   86   133 3.7209390217
   12    18 2.5026120452
   69    71 2.4913895358
   15    18 3.1564587110
  139   142 3.3445098267
  109   112 3.8271702378
  198   199 1.5260000000
   55    57 2.4913895358
   82    88 4.2820852428
   85    90 3.4199761167
  103   110 1.8777090268
   79    83 4.7331708653
   10    19 3.0896848822
   36    41 4.7920469689
   64    68 4.7161632461
    6    16 3.5158309337
  181   182 1.5260000000
  105   115 4.5860118049
   93   135 2.9801270295
   89   133 2.4313928332
   49    51 2.4913895358
   88   140 4.2544208187
  113   131 4.2100254403
  154   156 2.4913895358
   25    46 4.4374977147
  163   164 1.5260000000
   91   132 2.8851178886
   90    91 1.5260000000
   59    66 4.9811191969
   13    19 3.7599848988
   90   133 2.6825810235
  136   141 2.2959203605
   65    66 1.5260000000
   79    81 2.4913895358
  122   126 3.8080375901
   97    99 2.4913895358
   84    96 4.8549099563
  115   119 4.4360406847
   43    46 3.1042026100
   20    23 3.8344537281
  123   126 3.4189214923
   67    68 1.5260000000
   31    42 2.8743795838
   97    98 1.5260000000
   88   131 3.5424831527
  102   111 2.9158395675
   30    31 1.5260000000
   99   100 1.5260000000
   94   134 4.7481116648
  169   172 2.6092852150
    3     6 3.7573435665
  190   192 2.4913895358
  173   176 2.6092852150
  114   136 4.8876130608
   97   100 3.1277845328
  156   158 2.4913895358
   10    16 1.6708379579
    4     7 2.6577343323
   83    86 2.5891726334
  120   136 4.8996765995
    7     9 2.4913895358
   39    41 2.4913895358
  106   112 2.4424834399
   90   117 4.5679480374
  190   193 3.3502018590
   11    13 2.4913895358
   45    58 4.6241477788
  116   136 3.9478816698
  108   109 1.5260000000
  147   149 2.4913895358
   29    32 3.0044045650
  122   127 3.5203841772
   21    24 3.3334290142
  104   113 4.4965766075
  170   171 1.5260000000
  153   156 2.7330063610
   25    51 4.8881722946
   29    35 4.1377619277
  101   111 2.9391359432
  120   131 2.5127638775
   22    26 4.2361983571
    6    12 1.9538376943
   28    30 2.4913895358
   24    27 3.7134078185
   25    53 3.1513287144
   38    42 4.1906425286
    1    10 7.8378168027
  118   125 4.9911873937
  131   142 4.6716550448
  100   103 3.4064806777
   86    88 2.4913895358
  100   109 3.3896621463
    8    10 2.4913895358
   66    67 1.5260000000
   29    50 3.1446643866
   83   132 4.1485453225
  162   164 2.4913895358
  128   129 1.5260000000
   27    47 3.3096263927
  112   113 1.5260000000
  115   116 1.5260000000
    6    19 3.3482704818
   60    67 4.9880673422
    1    17 7.5094410811
  112   120 4.9612423322
   56    61 4.7589460830
    4    16 5.5649545697
   29    30 1.5260000000
  116   141 4.1888343774
    7     8 1.5260000000
  132   133 1.5260000000
   86    90 4.1139384905
   90   132 2.6658856782
   30    34 3.6592971203
   85    91 3.6457988798
  111   112 1.5260000000
  117   138 3.0330367432
  113   135 4.8645950910
   93   133 4.5167732720
   20    24 4.5363260657
   49    53 1.8266544157
   67    70 3.8328024329
   99   101 2.4913895358
   43    45 2.4913895358
  117   140 4.1297526445
   89   137 3.5446246382
   23    25 2.4913895358
   43    54 4.9956233395
   46    55 3.7130745361
   13    14 1.5260000000
   88   132 2.2368876236
  188   190 2.4913895358
   89    95 4.6445740760
   87    93 4.1051938988
   38    39 1.5260000000
   85    89 2.1398537864
  194   196 2.4913895358
  120   133 4.9304148128
   48    53 3.0528264114
   13    21 3.0660737580
   62    65 3.6414537806
  130   137 4.2907240346
   40    47 4.9271115469
  113   136 4.5342166369
   32    47 1.9214516259
  190   191 1.5260000000
  100   102 2.4913895358
   25    29 4.7060143750
    7    18 1.8177496058
  130   136 4.8979776543
  125   127 2.4913895358
   76    78 2.4913895358
  118   127 4.0930986928
   45    46 1.5260000000
    3     4 1.5260000000
   31    35 2.2958927575
  121   131 3.6831534668
  121   128 2.1812936072
   44    62 2.9578492501
   28    31 3.7724420512
   75    78 3.7718581479
   28    29 1.5260000000
    2    12 5.1839706965
    7    16 3.3459159350
  174   177 3.7910550823
  189   192 3.3980864149
  186   187 1.5260000000
  163   165 2.4913895358
   39    40 1.5260000000
  121   122 1.5260000000
   90   130 4.7220851869
   90   142 2.5732018286
  174   175 1.5260000000
   40    44 4.7855554755
    8     9 1.5260000000
  155   156 1.5260000000
   57    59 2.4913895358
   42    47 2.8268430750
  153   155 2.4913895358
   51    55 4.5322983683
    1     6 5.6514356068
   88   133 1.2882792644
   17    20 3.7174722151
   75    79 4.6917771014
  107   111 1.9321420441
   82    91 4.7004400847
   90    93 2.5415215416
  103   106 3.6042480827
   43    47 3.1894123136
    6    20 3.9652779183
    9    17 1.4883161741
   46    52 3.3995235651
   51    53 2.4913895358
  123   129 3.8399820131
   91    95 4.2055370921
  122   125 3.4553117958
   22    25 3.1794299859
   31    39 4.9523292977
   92   134 3.7912876224
  118   130 4.2381751449
   83    93 4.1022143277
    1    73 21.1597807093
  148   151 3.7192810905
  101   105 3.6871190513
   19    22 3.7989835248
  117   120 3.4904528071
   10    17 0.9812579729
   66    69 3.1063797439
   85    95 3.7611329357
   76    79 3.2577159532
  118   123 3.6381524787
   30    42 3.6752754886
  103   111 2.7993731814
   63    64 1.5260000000
  134   136 2.4913895358
    1    16 8.8437204207
  119   138 3.7723767661
   15    23 4.9835626912
   15    17 2.4913895358
   81    85 4.8787661169
  130   132 2.4913895358
  146   149 2.8578255803
   61    62 1.5260000000
  192   194 2.4913895358
   46    56 4.2830653425
   11    16 3.0022147635
   46    58 4.5238464527
   55    56 1.5260000000
   22    24 2.4913895358
   50    52 2.4913895358
    1    13 7.7051415615
   24    48 4.7874852845
   84   135 4.1805627517
  118   138 3.7969855036
   76    81 3.2006526375
  102   108 2.4452418106
  193   196 2.8290994354
    8    15 4.3592669033
   21    22 1.5260000000
   65    67 2.4913895358
   98    99 1.5260000000
   25    50 4.0024535174
  119   120 1.5260000000
   20    21 1.5260000000
   86   132 4.2731006749
    4     8 4.0329847094
   27    49 1.4276479740
    5     6 1.5260000000
   45    56 4.5872106894
  114   118 3.4873387476
   43    63 4.7993125735
   56    58 2.4913895358
  117   122 4.6187589749
   11    18 1.9578464393
   75    77 2.4913895358
  115   141 4.1749505258
   74    76 2.4913895358
   34    37 3.7703234973
    5    15 5.3472786165
  100   101 1.5260000000
  102   104 2.4913895358
   21    23 2.4913895358
    6    17 2.0803487552
   84    93 2.6192356362
  113   142 4.2410617850
  188   191 2.5589901054
  117   119 2.4913895358
   84    95 3.7538072785
    6     8 2.4913895358
  125   129 4.2241910602
    2    14 7.5250053483
   85   135 3.6790707146
  119   136 4.0662545456
  131   136 3.3781195125
   26    47 4.2393455884
   28    50 2.5516239105
  122   128 3.6651983106
    2     3 1.5260000000
  108   114 4.5471493365
  102   110 1.5327814802
  182   183 1.5260000000
  103   112 3.7757954791
   48    50 2.4913895358
  184   185 1.5260000000
   74    75 1.5260000000
  107   114 3.1126070752
   62    64 2.4913895358
  139   140 1.5260000000
   10    21 4.1826304458
  173   174 1.5260000000
    1     3 2.4913895358
   46    53 2.5633841864
  104   114 4.8089283654
  118   129 3.5781632108
  119   137 3.4303532209
   85    86 1.5260000000
   38    40 2.4913895358
  178   180 2.4913895358
   77    81 3.4019444054
  119   130 2.8024895896
  145   148 3.7972586851
    7    12 3.3239423900
   47    52 4.1620824218
  136   137 1.5260000000
   91   113 3.8988786206
    8    20 5.3524972509
   87    88 1.5260000000
   87    90 3.7677814461
   90   141 3.6417836825
    3    16 6.9966557944
   61    65 4.3072779827
   33    42 4.6274212583
  135   139 3.9281093139
  112   127 4.6327762528
   58    63 4.9814459432
   35    47 4.0832461229
   15    21 3.3421673666
   74    80 4.4730733186
  186   188 2.4913895358
  117   133 4.9144905967
  187   190 2.6142896069
  130   134 4.8796323141
   44    53 4.6989442939
    7    11 2.0675138268
  175   178 3.6410774098
  129   131 2.4913895358
   96   100 4.3459002487
   77    79 2.4913895358
  105   114 3.5669160544
   16    20 3.8228075982
  186   189 3.0579542372
  176   177 1.5260000000
   45    55 4.1767986697
   90   113 4.4975700277
   65    69 4.2703158075
   10    12 2.4913895358
   24    28 4.8834340121
   93   134 3.3378154554
   73    75 2.4913895358
   12    17 2.8441645515
   85   134 3.0526588250
  135   140 2.9178540445
    8    11 2.6258250296
    2     7 4.9930742207
  146   147 1.5260000000
   91   135 2.3078850010
    6    11 0.8965588465
   68    70 2.4913895358
  119   126 4.8590912937
   92    93 1.5260000000
   27    29 2.4913895358
   73    77 4.1163860782
   44    48 4.7162094450
    2     5 2.9536548249
   27    54 4.3208359035
   85    94 3.1119851319
   11    12 1.5260000000
  132   135 2.8856941792
  105   111 1.3636758670
   99   103 3.3969901717
  123   125 2.4913895358
  101   108 3.5505512534
  128   130 2.4913895358
  177   178 1.5260000000
   17    18 1.5260000000
   49    50 1.5260000000
   34    36 2.4913895358
  127   130 3.7397885711
  100   111 4.4390259375
  156   159 3.2409748865
  131   134 3.5615083214
  158   161 3.2743701937
  111   115 3.4330013204
   98   103 4.8009079573
  119   131 2.4382667612
   84    94 3.6502047459
   46    48 2.4913895358
   89   135 1.5843317577
   95    97 2.4913895358
  119   129 2.3342796858
  131   137 2.8841739005
   35    42 3.6951568113
  138   140 2.4913895358
   98   101 3.6049225802
  132   134 2.4913895358
    5     7 2.4913895358
   14    21 3.8302365219
   10    13 2.5972580113
   75    76 1.5260000000
   39    43 4.1679033622
  163   166 3.7902942898
   46    51 3.6051893878
  116   142 3.6941607483
   38    41 3.6712422411
  101   109 2.2155040578
    8    12 4.1282661641
   75    81 4.4852350146
   45    49 3.7010021377
  168   171 2.6608997287
   12    20 3.4687161604
   26    52 4.7392739612
  118   124 4.8512648954
    4    18 3.2168592422
   43    44 1.5260000000
   31    51 4.9010063277
  104   109 1.8513245347
   78    80 2.4913895358
   82    93 4.9806946744
   23    27 4.9570489885
   33    34 1.5260000000
  102   103 1.5260000000
   64    66 2.4913895358
  148   149 1.5260000000
    2     4 2.4913895358
   31    40 3.9602197485
  152   155 2.5849057734
  116   139 4.2613756342
   34    47 4.2192414295
   45    57 4.1997558541
  107   115 3.8041964249
    8    13 4.8705920245
  179   180 1.5260000000
   14    16 2.4913895358
   37    39 2.4913895358
   15    58 4.0872629352
   85   133 4.0148051174
  111   113 2.4913895358
   31    45 4.0402559366
   27    50 2.0421502280
  187   188 1.5260000000
   30    45 4.0831409671
  165   168 3.0129117098
    1    12 6.2453547243
   60    61 1.5260000000
  120   129 1.1721134676
   60    65 3.7059987699
  119   121 2.4913895358
   94    95 1.5260000000
   83    90 4.8107802027
   10    18 2.1805065291
   23    53 4.8354846851
  112   115 3.0748123992
   18    22 4.3551596386
   44    60 3.9653891012
  133   140 4.1113911855
   44    45 1.5260000000
   33    46 4.7837500823
   31    48 2.4565747387
  134   138 3.9278097110
   32    46 3.3024966128
   91   133 3.5921042251
   16    57 4.5987058381
  157   160 3.2495389309
   35    39 3.9741453601
  121   126 2.9573058976
   16    17 1.5260000000
   89   141 4.4066627218
  113   117 3.5786612313
   90   136 2.0876736723
   12    15 3.3184794023
   72    74 2.4913895358
   83    87 2.7171822424
    4    12 3.7311559695
  135   141 3.0649585403
   86   135 4.1507028354
   49    54 3.0174464570
  119   132 3.9045433912
   10    14 1.7849954777
  187   189 2.4913895358
    4     5 1.5260000000
   45    62 4.3700512050
  135   137 2.4913895358
   93    96 3.3600764312
   54    55 1.5260000000
  107   113 3.6974727134
  184   187 3.7333303800
   10    15 2.0660675074
    2     8 6.1751226714
  150   151 1.5260000000
   29    53 4.9960754451
  116   117 1.5260000000
   26    50 3.4883213870
  101   102 1.5260000000
  137   141 3.4397801355
   82    86 3.9116545762
   50    51 1.5260000000
  112   117 4.6709274600
    6    14 3.4178323158
    7    15 4.3296223309
   30    32 2.4913895358
  181   184 2.9878241977
   90    92 2.4913895358
  135   138 3.7813346828
   90   131 3.3516810688
   34    42 4.7614751624
  104   107 2.6786332609
   56    60 4.1803643678
  159   161 2.4913895358
   46    47 1.5260000000
   20    22 2.4913895358
   81    82 1.5260000000
   83    85 2.4913895358
  115   136 4.0031054885
  154   155 1.5260000000
   87   132 3.1115880928
   27    31 3.9541576278
   27    48 1.8504559408
  194   197 3.8105627442
    4    14 5.7848653492
   59    61 2.4913895358
   90   137 3.0233899428
   27    51 3.4345471199
  143   146 3.6629445169
  168   170 2.4913895358
  193   194 1.5260000000
  106   108 2.4913895358
  162   163 1.5260000000
