20 134
    9    13 2.1399109626
    7    18 3.2211704356
    3    15 1.0955796666
    8    14 0.6167508994
   13    14 1.5260000000
    3    11 4.7179548978
    5    14 2.2199753755
    5    16 2.4143459744
   16    17 1.5260000000
    3    14 2.1687964735
    7     9 2.4913895358
    3     8 2.1908959955
    9    10 1.5260000000
    4    14 1.7460735776
    2    13 3.6331519699
    9    16 4.1187598303
    2     3 1.5260000000
    6    15 2.1976265640
    5    13 2.6204363380
    6     9 3.8217847001
    4     7 2.5665348681
   10    13 2.7807995635
    6    11 3.5117399722
    2    16 3.6660092392
    8    16 3.0002534308
    6    17 2.3384323089
    3    12 4.0853290823
   13    18 3.8909850511
    6    14 1.9160503464
   12    18 4.5670957915
    4    11 3.8645561646
   12    14 2.4913895358
   19    20 1.5260000000
    8     9 1.5260000000
    2    20 6.1754584549
    8    10 2.4913895358
    7    11 2.7578903188
    6    13 2.8775825153
    3     5 2.4913895358
    7    15 1.9702817787
    2    17 4.2431798179
   15    18 2.6569970921
    6    16 2.1897328069
    2    15 2.5530118503
   14    15 1.5260000000
   10    12 2.4913895358
    6     7 1.5260000000
    9    12 2.7535055419
    5    18 1.2934990484
    8    17 4.0117268170
    8    12 2.2587777139
    5    15 1.8381028143
    6    18 1.8872740746
   16    19 2.9647086879
    2     5 3.5088277404
    7    14 1.0037417722
   15    16 1.5260000000
    3    18 3.4006101108
    9    15 3.1198492252
   14    16 2.4913895358
    8    15 1.8479148141
   13    16 3.8062565431
   14    17 3.4633848851
   12    13 1.5260000000
   17    20 2.6720361733
    7    10 3.0003119354
   17    19 2.4913895358
    7    13 2.4076845428
    9    11 2.4913895358
    2     8 3.5381818076
    3     6 3.2096187164
    8    18 3.7660415378
    2     4 2.4913895358
   11    12 1.5260000000
    1     2 1.5260000000
   13    17 4.5189910543
    7    17 3.2277627315
    5    12 3.4435915912
    4    10 4.1640527992
   11    14 2.7041864796
    4     9 3.1875213928
    9    14 2.0006932370
    4    12 2.9183081401
    4     8 1.7888405413
   12    15 3.7773436018
    5    17 2.2505295401
    4     5 1.5260000000
    1     4 3.1268511044
    2    14 3.6241167822
   11    16 4.9786999664
    5     6 1.5260000000
    4    16 2.8804985307
    3    16 2.4276493182
    7     8 1.5260000000
   18    20 2.4913895358
    3     9 3.2257806206
    2     6 4.5662737469
    5     8 2.6213560510
    3    17 3.3009708914
    8    13 1.1595526466
    6    12 3.3060568517
    5     7 2.4913895358
   18    19 1.5260000000
   16    18 2.4913895358
    4    17 3.3417443550
    3     4 1.5260000000
   10    14 2.8320221650
   10    15 4.2621006184
    5    11 4.2121255014
    3    10 4.5682199346
    5    10 4.8599840707
    4    13 1.5944462107
   17    18 1.5260000000
    4    18 2.7640089166
    4    15 1.4985691999
   10    11 1.5260000000
    8    11 2.5502242925
    3     7 2.8815364360
    4     6 2.4913895358
    2    18 4.2895715596
    2     7 4.3977887787
    7    12 2.9662640272
    1     3 2.4913895358
    7    16 2.2583641573
   15    17 2.4913895358
    6    10 4.2325071192
    2     9 4.3854394159
   12    16 4.8398084741
   11    15 4.2202595323
    5     9 4.1464084863
   13    15 2.4913895358
    6     8 2.4913895358
    3    13 2.5987461431
   11    13 2.4913895358
