30 168
    6     7 1.5260000000
    4    13 4.7776746293
    4    14 4.0064937207
   22    25 3.6409100341
    8     9 1.5260000000
    1    10 4.5112215401
   24    25 1.5260000000
   13    15 2.4913895358
   15    17 2.4913895358
    2    14 2.2016623308
   15    18 3.8359135779
    7    11 3.6743821822
    3     9 4.1841889376
   17    20 3.8022899063
    6    13 4.4200666187
   25    27 2.4913895358
   14    16 2.4913895358
    2     6 3.5198004962
    1    13 1.9088838231
   23    26 3.8040405490
    3    13 3.8280914856
   23    25 2.4913895358
   22    24 2.4913895358
    4    11 4.6236107659
    1     5 3.3052799927
   26    30 3.6641753844
    8    14 3.1939366380
    2     3 1.5260000000
   13    17 4.9492688421
   22    23 1.5260000000
    6    11 4.2681318126
    9    10 1.5260000000
   18    21 3.8089065010
    1    12 2.8198472591
   26    29 3.5535617990
    3     6 3.3379161173
    6    12 3.8137590726
   16    20 4.7532037589
    6    10 3.8667866510
   17    18 1.5260000000
    1    11 3.5879766687
    5    14 3.6600817651
   28    30 2.4913895358
   13    14 1.5260000000
    6     9 2.5531626118
   26    28 2.4913895358
    1     6 3.6170678062
    3    14 3.1544399365
    1    15 0.8055746704
   11    12 1.5260000000
    3     7 3.6816732784
   25    26 1.5260000000
    2     5 2.5958417447
    7    14 2.7171831577
   10    13 3.7780014396
   18    20 2.4913895358
   25    29 3.4516389290
    9    11 2.4913895358
   19    22 2.9798733386
    2     4 2.4913895358
    4     7 3.4398733653
    4     5 1.5260000000
   23    28 4.7823604447
   18    22 4.4575932367
   15    16 1.5260000000
   14    17 3.6838981730
    6    15 3.7431454125
   27    28 1.5260000000
   29    30 1.5260000000
    2     7 3.4116363365
   24    27 3.8382085150
    5    13 4.6851979091
    5    15 3.1592521244
   16    17 1.5260000000
    9    14 4.1816327500
    5    10 4.8031092414
   21    25 3.7347364503
   19    21 2.4913895358
   17    19 2.4913895358
    5     6 1.5260000000
    4     9 3.8858385722
    6    14 3.7341586896
    7    12 2.7428091334
    3    12 4.1162784940
    1     9 4.2243903196
    7    10 3.6663085581
    8    11 2.6333972454
   21    23 2.4913895358
   22    26 4.6801934461
    2     9 4.7224383123
   13    16 3.7449849370
   10    12 2.4913895358
   23    30 4.8416118665
    5    12 4.5353742707
    1    14 0.7229956321
    3    10 4.4202219140
   12    14 2.4913895358
   21    22 1.5260000000
   27    30 3.1367447530
   24    29 4.9589376109
   15    19 4.5781767105
    8    10 2.4913895358
    2    11 4.4787438600
   10    11 1.5260000000
   12    15 3.3455673978
    7    13 3.3080581151
    6     8 2.4913895358
   21    24 2.9929955291
    3    11 4.0411912726
   23    27 4.9434882699
    4     6 2.4913895358
   14    15 1.5260000000
    2    15 0.9242502958
    3     8 4.2792869288
   24    28 4.1033199851
   16    19 3.3744075878
   19    20 1.5260000000
    9    13 3.9187401469
    2    13 3.3532766640
   14    18 4.8952300258
   25    30 3.0994354386
   10    14 4.4994771906
   17    21 4.9803609187
    7     9 2.4913895358
   12    13 1.5260000000
    2     8 4.2995772662
    5     7 2.4913895358
   16    18 2.4913895358
    4    10 4.5128651288
    4    15 3.0325325993
   18    19 1.5260000000
    2    12 4.0408604715
   11    15 3.8255654120
    3     4 1.5260000000
   27    29 2.4913895358
   23    24 1.5260000000
   20    21 1.5260000000
    3     5 2.4913895358
   20    22 2.4913895358
    8    12 1.8338562361
   25    28 2.6277249390
    7    15 3.3198708714
    4     8 4.2144229959
   24    26 2.4913895358
    8    15 3.9434496198
    1     3 2.4913895358
   10    15 4.6898380675
    1     4 3.4652726275
    3    15 1.8561771005
    5     9 3.7693884283
    9    12 2.6182866558
    4    12 4.6772686787
    7     8 1.5260000000
   20    24 4.2869764549
   20    23 3.8330545725
    1     2 1.5260000000
   11    13 2.4913895358
   28    29 1.5260000000
   26    27 1.5260000000
    5     8 3.6866293521
   21    26 4.4836068196
    5    11 4.9294810202
    1     8 3.4578915436
   24    30 4.4331311364
    1     7 2.8803438820
    9    15 4.4697577866
    8    13 3.0338983855
   11    14 3.5261730116
