50 344
   21    30 3.7497053141
   33    36 2.5515065945
   46    47 1.5260000000
    1     5 3.4353067670
    5     8 3.6503110974
   22    33 2.1019165378
    2     4 2.4913895358
   18    33 3.1343642086
   21    25 2.7961470264
   13    27 4.5388389890
   11    18 3.0396911452
   19    24 1.0175906009
   31    34 3.5804169445
    5     9 3.7861975685
   34    37 2.6520068881
   14    21 4.1848251903
   19    33 2.6281455928
   17    19 2.4913895358
   13    19 3.0292867932
   13    20 2.1755891073
   18    24 1.6177046420
   44    45 1.5260000000
    2     9 3.7988409970
   13    33 3.1985919189
    1    10 4.8877267395
    9    12 2.9600761238
    4    11 7.0334756242
   19    20 1.5260000000
   10    20 2.9025324727
   22    24 2.4913895358
   12    33 1.9688429636
   19    26 3.0620619612
    7     8 1.5260000000
   11    21 1.2484903756
   20    31 3.8897328406
   16    23 4.1283551647
   10    11 1.5260000000
   20    25 2.6885580966
   20    26 3.2949761250
   13    22 4.5088852823
   11    26 2.5060690153
   46    48 2.4913895358
   21    31 2.4542295914
    1     6 2.5013647661
   41    44 3.7745040081
   11    24 2.8006606953
   11    27 2.2110787379
   38    40 2.4913895358
    9    10 1.5260000000
   17    21 4.8477651339
   30    32 2.4913895358
   36    39 2.7107550295
   17    26 4.9747459114
    5    10 5.3107779203
    9    20 3.3353768179
    2     7 3.6806226873
   27    31 1.8312375067
   42    44 2.4913895358
   10    28 2.2610669139
   41    42 1.5260000000
   13    32 4.1139468500
   12    15 2.6928765469
   13    25 3.6720260866
   24    33 2.6304378973
    3    10 6.4263123159
   39    42 3.4574848656
   10    30 3.4079117870
   13    21 3.3063031920
   35    38 2.8773246989
   46    49 2.5443750148
    9    26 0.6384176107
   12    32 3.2276197393
    2     5 2.5513732426
   11    31 3.0015342550
   10    25 1.9735115212
   14    18 2.9148415942
   23    31 3.4513025074
    2     6 2.3399504083
   12    28 4.7347314211
   19    27 3.9086602059
   13    15 2.4913895358
   15    24 3.2474120718
   23    27 3.6829185674
    9    29 3.7835422884
   14    23 4.8268182828
   14    20 2.7367570592
    9    50 8.1706329699
    6    11 4.9276981707
   43    45 2.4913895358
   42    45 3.4879262188
   25    29 4.8518643516
   12    22 3.3164721626
   16    25 4.4293711638
   16    19 2.6970192271
   10    33 0.8186619532
    9    18 3.2472161240
   41    43 2.4913895358
   49    50 1.5260000000
   20    22 2.4913895358
   44    47 3.7905122457
   12    27 3.3552673343
   12    24 2.3980675537
   10    31 2.5065826556
   16    17 1.5260000000
   25    28 3.6016775945
   21    26 2.6164805646
   25    31 3.5621309968
   26    32 2.4187223897
   24    25 1.5260000000
   13    26 4.6605948363
   14    25 4.4377324621
   40    41 1.5260000000
   23    24 1.5260000000
   17    23 3.9526152836
   17    33 4.6194233884
   12    21 2.4430987276
   12    19 1.9277194439
   17    25 3.5546453761
   29    32 3.1833972551
   21    23 2.4913895358
   21    29 4.5280836263
   22    32 2.0583172080
   23    32 3.4279632488
    9    17 4.7030406689
    9    30 3.8976361114
   18    23 3.0435008776
    6    10 4.4967273753
    1    11 4.6077362463
   10    21 2.2499966952
   47    50 3.0352221292
   16    24 3.3218728726
   10    29 3.3503774129
   29    30 1.5260000000
   22    26 1.9906910061
   12    25 2.1511873694
   21    33 1.5247736875
   44    46 2.4913895358
   11    15 3.6683253879
   47    49 2.4913895358
   10    19 3.3310724436
   14    24 4.0143203694
    9    25 1.1522574373
   12    14 2.4913895358
    1     2 1.5260000000
   25    32 3.1528556861
    3     9 5.0605322674
   30    33 3.6495318699
   45    48 2.8695777944
    4     7 3.8106132484
    9    22 2.4924288956
   20    21 1.5260000000
    5     6 1.5260000000
   12    18 1.8221648244
   18    32 4.5215920657
   25    26 1.5260000000
   17    18 1.5260000000
    2    10 5.0474477253
   28    32 2.8807709140
   23    26 2.5598815957
    1     9 3.8384536005
   15    16 1.5260000000
   37    38 1.5260000000
   22    25 2.6207640913
   16    18 2.4913895358
   26    30 3.4627220337
    3     4 1.5260000000
   10    24 3.1779283701
   36    37 1.5260000000
   26    29 3.5408820253
   22    30 3.5174832750
   17    24 2.7035351797
   35    36 1.5260000000
   48    49 1.5260000000
   11    30 4.1353554509
   30    31 1.5260000000
   26    27 1.5260000000
   38    39 1.5260000000
   14    17 2.9883712995
   19    23 1.7546103914
   18    19 1.5260000000
    7     9 2.4913895358
   10    23 3.5130207668
    3    11 6.6023673536
   37    40 3.2251412521
   24    28 4.8970379954
   48    50 2.4913895358
   11    32 1.7159330643
   11    20 1.5111621632
   25    30 4.8291586631
   24    27 3.6455733108
   12    20 1.4837195792
   34    36 2.4913895358
    7    11 4.4883738478
   22    29 4.3513541324
   18    25 2.0975779618
    7    10 3.8151363831
   11    29 4.5169256453
    5    11 5.9888996816
   18    22 3.8053740377
   15    21 3.7863409426
    9    27 1.6393456593
   21    24 2.8711119129
   12    23 3.3086677109
   21    27 2.5325361950
    5     7 2.4913895358
   31    32 1.5260000000
   16    20 3.4131753950
    9    11 2.4913895358
   45    47 2.4913895358
   11    14 3.6648081837
   10    13 3.6724075518
   13    18 2.8409814808
   18    21 3.5921529937
   22    27 2.5980533998
    9    32 2.7236451616
    9    33 1.6883749018
   15    23 3.8057698758
   33    35 2.4913895358
    3     5 2.4913895358
   10    27 0.9220471859
   38    41 3.1341937542
   28    29 1.5260000000
   13    16 3.5812125268
   43    44 1.5260000000
   28    30 2.4913895358
   15    19 2.3073727563
   19    31 4.3234818667
    6     8 2.4913895358
    2     3 1.5260000000
   34    35 1.5260000000
    1     8 3.6583133471
   27    28 1.5260000000
   14    16 2.4913895358
    2    11 5.1477011163
   10    15 4.9744786219
   23    28 4.9383989817
   12    13 1.5260000000
   24    31 4.1432395230
   11    13 2.4913895358
   11    17 4.4270716299
   14    33 4.3439851388
    6     9 3.0400317566
    9    13 4.4328193777
   20    27 3.5301923593
   12    17 3.1044410481
   13    23 4.5448737856
   23    25 2.4913895358
   20    32 2.8118285375
   19    22 2.5667067906
   21    22 1.5260000000
   36    38 2.4913895358
    1     4 3.4948583730
   24    26 2.4913895358
   21    32 1.4254060802
    9    21 2.8835051961
   32    35 2.9968953814
   17    20 3.5407828913
   19    25 2.1143451146
   32    34 2.4913895358
    3     6 2.7870596196
   11    12 1.5260000000
   10    32 1.7342793714
   10    12 2.4913895358
    8     9 1.5260000000
   13    24 3.7492295710
   35    37 2.4913895358
   40    43 3.0552312113
   15    17 2.4913895358
    4    10 6.5578970992
   32    33 1.5260000000
   19    32 3.6689464772
    9    28 2.5327275725
   12    16 3.4942903833
    4     8 4.9163580538
   15    20 2.2989666015
   10    18 3.6091440190
   22    28 3.8741536939
   11    25 2.2685942141
   39    41 2.4913895358
    3     7 4.2991175581
   15    22 4.4644612389
   43    46 2.5529536407
    9    31 2.7906077058
   27    30 2.5797693353
    6     7 1.5260000000
   10    22 2.6610074735
    4     9 5.0619077190
   20    33 2.1127242606
   47    48 1.5260000000
   13    17 3.6063284629
    8    11 3.0290020148
   23    30 4.9717783480
   12    26 3.2051144582
   11    33 0.8606432634
    4     6 2.4913895358
   42    43 1.5260000000
   15    18 2.5887064454
   21    28 4.0200604527
   11    28 3.6962367272
    1     7 3.6503352800
   14    15 1.5260000000
   25    27 2.4913895358
   11    19 2.4737597343
   10    14 4.9292081854
   12    31 4.3747192691
    4     5 1.5260000000
   22    23 1.5260000000
   10    26 1.6596323360
   45    46 1.5260000000
   20    24 2.3338822079
   23    33 2.8865664043
    2     8 3.9938905803
   27    29 2.4913895358
    9    19 3.0444377535
   20    23 2.5446152290
   18    26 3.5465079346
   40    42 2.4913895358
   39    40 1.5260000000
   19    21 2.4913895358
   31    33 2.4913895358
    8    10 2.4913895358
   37    39 2.4913895358
   11    22 2.3862101559
   22    31 1.9976423211
   33    34 1.5260000000
   11    16 4.6798700483
   27    32 1.5950748632
    9    24 2.4402977950
   13    14 1.5260000000
   15    33 4.2525845869
   18    27 4.3509219075
   14    19 3.1627168677
   29    31 2.4913895358
   26    28 2.4913895358
   11    23 3.0718669825
    9    23 2.8716702286
   26    31 2.2584294798
   16    21 4.8524483325
    1     3 2.4913895358
    3     8 5.0291492236
   15    25 4.1523235140
   18    20 2.4913895358
   24    32 3.7767271118
   28    31 2.5513732426
